Trained parameters:
k1: 1.599237e+09
k2: 3.437891e+08
k3: 1.236664e+09
k4: 3.358556e+09
k5: 1.815260e+09
k6: 1.785256e+09
k7: 1.037300e+09